18
A_curv     0.00000000 0.02885177 0.04753734 0.02056089 0.10803148 0.10766596 0.04506769 0.08171986 0.09835702 0.10515745 0.11422764 0.11490847 0.07922036 0.11634325 0.12612064 0.12331555 0.13105854 0.12951669 
A_gros     0.02885177 0.00000000 0.05103531 0.03357018 0.11237831 0.11094032 0.05000532 0.08665199 0.10190232 0.10923229 0.11784413 0.11866588 0.08335968 0.12039883 0.12959261 0.12704297 0.13433566 0.13299688 
A_qlan     0.04753734 0.05103531 0.00000000 0.05142469 0.12582628 0.12484378 0.04332680 0.10155497 0.11592767 0.12362247 0.13163417 0.13200751 0.09793418 0.13424413 0.14313068 0.14053935 0.14821032 0.14674845 
A_qram     0.02056089 0.03357018 0.05142469 0.00000000 0.11129255 0.11044816 0.04919564 0.08545922 0.10177479 0.10882673 0.11708933 0.11803984 0.08325770 0.11996342 0.12875756 0.12633609 0.13347572 0.13201808 
Aulac      0.10803148 0.11237831 0.12582628 0.11129255 0.00000000 0.04488511 0.12331717 0.12455285 0.10808799 0.11240081 0.05119519 0.03981567 0.10208534 0.11314259 0.12105829 0.11879209 0.12582365 0.12461992 
Aylax      0.10766596 0.11094032 0.12484378 0.11044816 0.04488511 0.00000000 0.12205688 0.12360539 0.10847549 0.11163225 0.05086615 0.05064879 0.10102768 0.11121785 0.12148663 0.12001907 0.12674707 0.12610783 
Belon      0.04506769 0.05000532 0.04332680 0.04919564 0.12331717 0.12205688 0.00000000 0.09871014 0.11359148 0.12091705 0.12916315 0.12982429 0.09551583 0.13079934 0.14069092 0.13805338 0.14550724 0.14423181 
Calli      0.08171986 0.08665199 0.10155497 0.08545922 0.12455285 0.12360539 0.09871014 0.00000000 0.11444531 0.12205450 0.13070564 0.13007768 0.09577124 0.13315256 0.14232239 0.13985081 0.14685759 0.14575846 
Cerop      0.09835702 0.10190232 0.11592767 0.10177479 0.10808799 0.10847549 0.11359148 0.11444531 0.00000000 0.10444506 0.11333143 0.11462117 0.09211228 0.11831393 0.12380555 0.12129463 0.12866523 0.12780303 
Diast      0.10515745 0.10923229 0.12362247 0.10882673 0.11240081 0.11163225 0.12091705 0.12205450 0.10444506 0.00000000 0.11830060 0.11925662 0.09701609 0.12210861 0.12935895 0.12804195 0.13509816 0.13383413 
Hedic      0.11422764 0.11784413 0.13163417 0.11708933 0.05119519 0.05086615 0.12916315 0.13070564 0.11333143 0.11830060 0.00000000 0.05689748 0.10679832 0.11779023 0.12698417 0.12509172 0.13195835 0.13092159 
Isoco      0.11490847 0.11866588 0.13200751 0.11803984 0.03981567 0.05064879 0.12982429 0.13007768 0.11462117 0.11925662 0.05689748 0.00000000 0.10747214 0.11830299 0.12783623 0.12540320 0.13210114 0.13100219 
Proto      0.07922036 0.08335968 0.09793418 0.08325770 0.10208534 0.10102768 0.09551583 0.09577124 0.09211228 0.09701609 0.10679832 0.10747214 0.00000000 0.11022491 0.12005831 0.11753391 0.12529007 0.12419758 
Qwaqw      0.11634325 0.12039883 0.13424413 0.11996342 0.11314259 0.11121785 0.13079934 0.13315256 0.11831393 0.12210861 0.11779023 0.11830299 0.11022491 0.00000000 0.13023231 0.12876743 0.13529048 0.13461448 
S_gif      0.12612064 0.12959261 0.14313068 0.12875756 0.12105829 0.12148663 0.14069092 0.14232239 0.12380555 0.12935895 0.12698417 0.12783623 0.12005831 0.13023231 0.00000000 0.02969212 0.03245138 0.03123400 
S_ito      0.12331555 0.12704297 0.14053935 0.12633609 0.11879209 0.12001907 0.13805338 0.13985081 0.12129463 0.12804195 0.12509172 0.12540320 0.11753391 0.12876743 0.02969212 0.00000000 0.03689449 0.03576324 
S_jap      0.13105854 0.13433566 0.14821032 0.13347572 0.12582365 0.12674707 0.14550724 0.14685759 0.12866523 0.13509816 0.13195835 0.13210114 0.12529007 0.13529048 0.03245138 0.03689449 0.00000000 0.01191903 
S_umb      0.12951669 0.13299688 0.14674845 0.13201808 0.12461992 0.12610783 0.14423181 0.14575846 0.12780303 0.13383413 0.13092159 0.13100219 0.12419758 0.13461448 0.03123400 0.03576324 0.01191903 0.00000000 
