18
A_curv     0.00000000 0.03258260 0.05102176 0.02313991 0.12532156 0.12422025 0.05024604 0.08862750 0.11237107 0.11543566 0.13102764 0.13055744 0.09095983 0.13089949 0.13998098 0.13542565 0.14211398 0.14282572 
A_gros     0.03258260 0.00000000 0.05518083 0.03684670 0.13034011 0.12924507 0.05466168 0.09338720 0.11751818 0.12082617 0.13588327 0.13517698 0.09564103 0.13590618 0.14573531 0.14100159 0.14739498 0.14851060 
A_qlan     0.05102176 0.05518083 0.00000000 0.05502298 0.14275348 0.14181004 0.04628973 0.10622610 0.13125042 0.13486393 0.14880524 0.14813690 0.11053485 0.14864153 0.15937831 0.15435100 0.16030815 0.16126178 
A_qram     0.02313991 0.03684670 0.05502298 0.00000000 0.13003691 0.12887093 0.05414951 0.09156993 0.11671893 0.12006406 0.13542726 0.13501851 0.09543313 0.13452633 0.14378312 0.13961534 0.14535854 0.14609163 
Aulac      0.12532156 0.13034011 0.14275348 0.13003691 0.00000000 0.05199050 0.14133643 0.14286555 0.12816576 0.12610323 0.06076206 0.04782196 0.12134434 0.12917576 0.13832864 0.13389459 0.14040818 0.14123828 
Aylax      0.12422025 0.12924507 0.14181004 0.12887093 0.05199050 0.00000000 0.14008983 0.14157148 0.12760637 0.12579936 0.05877489 0.05762593 0.11999341 0.12763628 0.13676333 0.13286752 0.13941012 0.14034036 
Belon      0.05024604 0.05466168 0.04628973 0.05414951 0.14133643 0.14008983 0.00000000 0.10622664 0.12934495 0.13241049 0.14730269 0.14664922 0.10899597 0.14743431 0.15666200 0.15235263 0.15818234 0.15943885 
Calli      0.08862750 0.09338720 0.10622610 0.09156993 0.14286555 0.14157148 0.10622664 0.00000000 0.12959418 0.13284675 0.14790251 0.14787620 0.10848419 0.14674544 0.15685189 0.15241100 0.15860939 0.16003519 
Cerop      0.11237107 0.11751818 0.13125042 0.11671893 0.12816576 0.12760637 0.12934495 0.12959418 0.00000000 0.11874969 0.13397482 0.13413216 0.10742167 0.13652767 0.14061022 0.13599788 0.14225726 0.14393940 
Diast      0.11543566 0.12082617 0.13486393 0.12006406 0.12610323 0.12579936 0.13241049 0.13284675 0.11874969 0.00000000 0.13234479 0.13219431 0.11011056 0.13463407 0.14180693 0.13870474 0.14421177 0.14540552 
Hedic      0.13102764 0.13588327 0.14880524 0.13542726 0.06076206 0.05877489 0.14730269 0.14790251 0.13397482 0.13234479 0.00000000 0.06605505 0.12700981 0.13495700 0.14423818 0.13965035 0.14638860 0.14698084 
Isoco      0.13055744 0.13517698 0.14813690 0.13501851 0.04782196 0.05762593 0.14664922 0.14787620 0.13413216 0.13219431 0.06605505 0.00000000 0.12682189 0.13428043 0.14406036 0.13935219 0.14639407 0.14694402 
Proto      0.09095983 0.09564103 0.11053485 0.09543313 0.12134434 0.11999341 0.10899597 0.10848419 0.10742167 0.11011056 0.12700981 0.12682189 0.00000000 0.12605863 0.13857283 0.13320352 0.13941653 0.14082040 
Qwaqw      0.13089949 0.13590618 0.14864153 0.13452633 0.12917576 0.12763628 0.14743431 0.14674544 0.13652767 0.13463407 0.13495700 0.13428043 0.12605863 0.00000000 0.14462790 0.14058125 0.14716286 0.14779477 
S_gif      0.13998098 0.14573531 0.15937831 0.14378312 0.13832864 0.13676333 0.15666200 0.15685189 0.14061022 0.14180693 0.14423818 0.14406036 0.13857283 0.14462790 0.00000000 0.03047890 0.03305742 0.03304187 
S_ito      0.13542565 0.14100159 0.15435100 0.13961534 0.13389459 0.13286752 0.15235263 0.15241100 0.13599788 0.13870474 0.13965035 0.13935219 0.13320352 0.14058125 0.03047890 0.00000000 0.03696769 0.03715020 
S_jap      0.14211398 0.14739498 0.16030815 0.14535854 0.14040818 0.13941012 0.15818234 0.15860939 0.14225726 0.14421177 0.14638860 0.14639407 0.13941653 0.14716286 0.03305742 0.03696769 0.00000000 0.01315373 
S_umb      0.14282572 0.14851060 0.16126178 0.14609163 0.14123828 0.14034036 0.15943885 0.16003519 0.14393940 0.14540552 0.14698084 0.14694402 0.14082040 0.14779477 0.03304187 0.03715020 0.01315373 0.00000000 
