18
A_curv     0.00000000 0.03338343 0.05432985 0.02436882 0.12024277 0.11984083 0.05155253 0.09421374 0.11286049 0.12123470 0.12618703 0.12679364 0.09315724 0.13271125 0.13861225 0.13483529 0.13970898 0.13865465 
A_gros     0.03338343 0.00000000 0.05813501 0.03863933 0.12475178 0.12490546 0.05562401 0.09855001 0.11721262 0.12609769 0.13054456 0.13220621 0.09700562 0.13725386 0.14377680 0.14016697 0.14511010 0.14437021 
A_qlan     0.05432985 0.05813501 0.00000000 0.05925394 0.14087092 0.14104299 0.04896667 0.11559712 0.13449627 0.14285817 0.14727863 0.14772996 0.11342388 0.15463903 0.15927886 0.15546387 0.15981540 0.15910914 
A_qram     0.02436882 0.03863933 0.05925394 0.00000000 0.12576401 0.12516237 0.05624584 0.09876626 0.11806273 0.12710340 0.13132984 0.13249737 0.09828306 0.13776894 0.14366881 0.14008953 0.14487758 0.14376951 
Aulac      0.12024277 0.12475178 0.14087092 0.12576401 0.00000000 0.04873220 0.13652741 0.14000221 0.12372761 0.13135235 0.05596073 0.04410181 0.11735072 0.12746688 0.13321596 0.12998427 0.13420373 0.13352729 
Aylax      0.11984083 0.12490546 0.14104299 0.12516237 0.04873220 0.00000000 0.13587787 0.14003364 0.12432961 0.13097513 0.05574655 0.05502066 0.11686814 0.12824349 0.13386256 0.13082127 0.13505967 0.13446677 
Belon      0.05155253 0.05562401 0.04896667 0.05624584 0.13652741 0.13587787 0.00000000 0.11056299 0.12954855 0.13836670 0.14148589 0.14300115 0.11005083 0.14818431 0.15488352 0.15129797 0.15607504 0.15520374 
Calli      0.09421374 0.09855001 0.11559712 0.09876626 0.14000221 0.14003364 0.11056299 0.00000000 0.13395424 0.14207657 0.14629299 0.14657568 0.11415309 0.15073600 0.15802847 0.15466448 0.15956539 0.15862556 
Cerop      0.11286049 0.11721262 0.13449627 0.11806273 0.12372761 0.12432961 0.12954855 0.13395424 0.00000000 0.12782289 0.13012577 0.13044697 0.10769280 0.13869211 0.14121974 0.13734407 0.14264441 0.14141074 
Diast      0.12123470 0.12609769 0.14285817 0.12710340 0.13135235 0.13097513 0.13836670 0.14207657 0.12782289 0.00000000 0.13663671 0.13840632 0.11875462 0.14481112 0.14866471 0.14496378 0.15021539 0.14910440 
Hedic      0.12618703 0.13054456 0.14727863 0.13132984 0.05596073 0.05574655 0.14148589 0.14629299 0.13012577 0.13663671 0.00000000 0.06270398 0.12324191 0.13360734 0.13850739 0.13616791 0.14041467 0.13977187 
Isoco      0.12679364 0.13220621 0.14772996 0.13249737 0.04410181 0.05502066 0.14300115 0.14657568 0.13044697 0.13840632 0.06270398 0.00000000 0.12367116 0.13296298 0.14002194 0.13705681 0.14087575 0.13993471 
Proto      0.09315724 0.09700562 0.11342388 0.09828306 0.11735072 0.11686814 0.11005083 0.11415309 0.10769280 0.11875462 0.12324191 0.12367116 0.00000000 0.12990102 0.13504820 0.13137017 0.13744824 0.13630024 
Qwaqw      0.13271125 0.13725386 0.15463903 0.13776894 0.12746688 0.12824349 0.14818431 0.15073600 0.13869211 0.14481112 0.13360734 0.13296298 0.12990102 0.00000000 0.14636119 0.14314141 0.14805058 0.14742359 
S_gif      0.13861225 0.14377680 0.15927886 0.14366881 0.13321596 0.13386256 0.15488352 0.15802847 0.14121974 0.14866471 0.13850739 0.14002194 0.13504820 0.14636119 0.00000000 0.03198408 0.03282245 0.03209894 
S_ito      0.13483529 0.14016697 0.15546387 0.14008953 0.12998427 0.13082127 0.15129797 0.15466448 0.13734407 0.14496378 0.13616791 0.13705681 0.13137017 0.14314141 0.03198408 0.00000000 0.03758735 0.03649573 
S_jap      0.13970898 0.14511010 0.15981540 0.14487758 0.13420373 0.13505967 0.15607504 0.15956539 0.14264441 0.15021539 0.14041467 0.14087575 0.13744824 0.14805058 0.03282245 0.03758735 0.00000000 0.01336972 
S_umb      0.13865465 0.14437021 0.15910914 0.14376951 0.13352729 0.13446677 0.15520374 0.15862556 0.14141074 0.14910440 0.13977187 0.13993471 0.13630024 0.14742359 0.03209894 0.03649573 0.01336972 0.00000000 
