18
A_curv     0.00000000 0.03303946 0.04927024 0.02374091 0.11852353 0.11719755 0.04865212 0.08995023 0.10768389 0.11249274 0.12299763 0.12408171 0.08723913 0.12583033 0.13579967 0.13220393 0.14040652 0.13963678 
A_gros     0.03303946 0.00000000 0.05407398 0.03761182 0.12275493 0.12149081 0.05296625 0.09414533 0.11257560 0.11626023 0.12800745 0.12874962 0.09085241 0.13087936 0.13938350 0.13638412 0.14417551 0.14338942 
A_qlan     0.04927024 0.05407398 0.00000000 0.05343025 0.13409846 0.13250582 0.04532644 0.10591582 0.12477111 0.12790422 0.13937156 0.14021223 0.10432130 0.14091507 0.15112158 0.14748512 0.15521339 0.15468223 
A_qram     0.02374091 0.03761182 0.05343025 0.00000000 0.12193313 0.12051841 0.05260600 0.09402869 0.11136490 0.11544308 0.12693409 0.12755979 0.09095690 0.12887072 0.13826031 0.13463755 0.14229985 0.14143103 
Aulac      0.11852353 0.12275493 0.13409846 0.12193313 0.00000000 0.04818828 0.13196209 0.13772820 0.12042369 0.12165954 0.05522342 0.04338535 0.11548593 0.12349350 0.13213633 0.12900571 0.13666199 0.13542416 
Aylax      0.11719755 0.12149081 0.13250582 0.12051841 0.04818828 0.00000000 0.13025507 0.13562524 0.12099475 0.12087447 0.05315523 0.05314584 0.11395595 0.12151161 0.13100003 0.12850097 0.13586826 0.13467088 
Belon      0.04865212 0.05296625 0.04532644 0.05260600 0.13196209 0.13025507 0.00000000 0.10478411 0.12129798 0.12621691 0.13678517 0.13762602 0.10255592 0.13839870 0.14844970 0.14496875 0.15259933 0.15200958 
Calli      0.08995023 0.09414533 0.10591582 0.09402869 0.13772820 0.13562524 0.10478411 0.00000000 0.12750631 0.13184749 0.14236280 0.14356055 0.10903845 0.14513117 0.15417830 0.15148202 0.15814631 0.15770497 
Cerop      0.10768389 0.11257560 0.12477111 0.11136490 0.12042369 0.12099475 0.12129798 0.12750631 0.00000000 0.11634861 0.12718210 0.12742832 0.10414182 0.13156957 0.13735139 0.13469781 0.14088764 0.14037340 
Diast      0.11249274 0.11626023 0.12790422 0.11544308 0.12165954 0.12087447 0.12621691 0.13184749 0.11634861 0.00000000 0.12786126 0.12806184 0.10859256 0.13119360 0.13818313 0.13583510 0.14324323 0.14260326 
Hedic      0.12299763 0.12800745 0.13937156 0.12693409 0.05522342 0.05315523 0.13678517 0.14236280 0.12718210 0.12786126 0.00000000 0.06074636 0.11985313 0.12829520 0.13764992 0.13517419 0.14201202 0.14109597 
Isoco      0.12408171 0.12874962 0.14021223 0.12755979 0.04338535 0.05314584 0.13762602 0.14356055 0.12742832 0.12806184 0.06074636 0.00000000 0.12074840 0.12922291 0.13845959 0.13557169 0.14329393 0.14178562 
Proto      0.08723913 0.09085241 0.10432130 0.09095690 0.11548593 0.11395595 0.10255592 0.10903845 0.10414182 0.10859256 0.11985313 0.12074840 0.00000000 0.12170913 0.13338300 0.13078722 0.13834448 0.13789095 
Qwaqw      0.12583033 0.13087936 0.14091507 0.12887072 0.12349350 0.12151161 0.13839870 0.14513117 0.13156957 0.13119360 0.12829520 0.12922291 0.12170913 0.00000000 0.14107570 0.13812609 0.14617664 0.14558775 
S_gif      0.13579967 0.13938350 0.15112158 0.13826031 0.13213633 0.13100003 0.14844970 0.15417830 0.13735139 0.13818313 0.13764992 0.13845959 0.13338300 0.14107570 0.00000000 0.02965551 0.03247849 0.03182371 
S_ito      0.13220393 0.13638412 0.14748512 0.13463755 0.12900571 0.12850097 0.14496875 0.15148202 0.13469781 0.13583510 0.13517419 0.13557169 0.13078722 0.13812609 0.02965551 0.00000000 0.03766513 0.03693477 
S_jap      0.14040652 0.14417551 0.15521339 0.14229985 0.13666199 0.13586826 0.15259933 0.15814631 0.14088764 0.14324323 0.14201202 0.14329393 0.13834448 0.14617664 0.03247849 0.03766513 0.00000000 0.01226121 
S_umb      0.13963678 0.14338942 0.15468223 0.14143103 0.13542416 0.13467088 0.15200958 0.15770497 0.14037340 0.14260326 0.14109597 0.14178562 0.13789095 0.14558775 0.03182371 0.03693477 0.01226121 0.00000000 
