18
A_curv     0.00000000 0.10536229 0.18169380 0.07760697 0.39226901 0.39260297 0.18054284 0.30820792 0.34515125 0.36322191 0.40981340 0.40559349 0.27487890 0.41289628 0.43579643 0.42931547 0.45030650 0.44716373 
A_gros     0.10536229 0.00000000 0.19197739 0.12430325 0.40220966 0.40204241 0.19157993 0.31885007 0.35556021 0.37313415 0.41919485 0.41517507 0.28491514 0.42254162 0.44552528 0.43940096 0.46052809 0.45758661 
A_qlan     0.18169380 0.19197739 0.00000000 0.19781340 0.45955022 0.45997243 0.16374218 0.37977872 0.41654669 0.43390189 0.47610175 0.47244259 0.34904861 0.47977341 0.50094746 0.49434206 0.51472088 0.51165401 
A_qram     0.07760697 0.12430325 0.19781340 0.00000000 0.40815489 0.40822072 0.19607241 0.32380036 0.36170837 0.37937436 0.42549296 0.42133747 0.29280344 0.42779960 0.44981901 0.44350952 0.46427501 0.46126896 
Aulac      0.39226901 0.40220966 0.45955022 0.40815489 0.00000000 0.16457580 0.45654928 0.45229079 0.39965668 0.40370354 0.18821664 0.13740277 0.37134244 0.41092055 0.43321560 0.42733218 0.44659114 0.44349670 
Aylax      0.39260297 0.40204241 0.45997243 0.40822072 0.16457580 0.00000000 0.45649603 0.45232629 0.40079274 0.40333476 0.18668615 0.17767517 0.37111129 0.40996333 0.43369688 0.42833008 0.44733698 0.44478837 
Belon      0.18054284 0.19157993 0.16374218 0.19607241 0.45654928 0.45649603 0.00000000 0.37715600 0.41320034 0.43144229 0.47317709 0.46972989 0.34752694 0.47619238 0.49741522 0.49139956 0.51140110 0.50868314 
Calli      0.30820792 0.31885007 0.37977872 0.32380036 0.45229079 0.45232629 0.37715600 0.00000000 0.40877580 0.42634786 0.46905253 0.46408804 0.34395363 0.46903584 0.49287764 0.48665058 0.50607035 0.50334542 
Cerop      0.34515125 0.35556021 0.41654669 0.36170837 0.39965668 0.40079274 0.41320034 0.40877580 0.00000000 0.37166659 0.41725466 0.41211596 0.32297612 0.42258423 0.43760822 0.43079180 0.45068872 0.44814417 
Diast      0.36322191 0.37313415 0.43390189 0.37937436 0.40370354 0.40333476 0.43144229 0.42634786 0.37166659 0.00000000 0.42108804 0.41623495 0.33907065 0.42504633 0.44493371 0.43912952 0.45868884 0.45593007 
Hedic      0.40981340 0.41919485 0.47610175 0.42549296 0.18821664 0.18668615 0.47317709 0.46905253 0.41725466 0.42108804 0.00000000 0.20068380 0.38909407 0.42741723 0.44950439 0.44414845 0.46337283 0.46035423 
Isoco      0.40559349 0.41517507 0.47244259 0.42133747 0.13740277 0.17767517 0.46972989 0.46408804 0.41211596 0.41623495 0.20068380 0.00000000 0.38360977 0.42158332 0.44486589 0.43901535 0.45879571 0.45540982 
Proto      0.27487890 0.28491514 0.34904861 0.29280344 0.37134244 0.37111129 0.34752694 0.34395363 0.32297612 0.33907065 0.38909407 0.38360977 0.00000000 0.39192134 0.41655704 0.40886252 0.43168016 0.42880372 
Qwaqw      0.41289628 0.42254162 0.47977341 0.42779960 0.41092055 0.40996333 0.47619238 0.46903584 0.42258423 0.42504633 0.42741723 0.42158332 0.39192134 0.00000000 0.44955227 0.44425062 0.46325338 0.46094258 
S_gif      0.43579643 0.44552528 0.50094746 0.44981901 0.43321560 0.43369688 0.49741522 0.49287764 0.43760822 0.44493371 0.44950439 0.44486589 0.41655704 0.44955227 0.00000000 0.09276872 0.09802446 0.09389934 
S_ito      0.42931547 0.43940096 0.49434206 0.44350952 0.42733218 0.42833008 0.49139956 0.48665058 0.43079180 0.43912952 0.44414845 0.43901535 0.40886252 0.44425062 0.09276872 0.00000000 0.11654550 0.11199151 
S_jap      0.45030650 0.46052809 0.51472088 0.46427501 0.44659114 0.44733698 0.51140110 0.50607035 0.45068872 0.45868884 0.46337283 0.45879571 0.43168016 0.46325338 0.09802446 0.11654550 0.00000000 0.04973485 
S_umb      0.44716373 0.45758661 0.51165401 0.46126896 0.44349670 0.44478837 0.50868314 0.50334542 0.44814417 0.45593007 0.46035423 0.45540982 0.42880372 0.46094258 0.09389934 0.11199151 0.04973485 0.00000000 
